50
0
8
4
0.16843873165625703
18
0.1576348934289182
21
0.17882681351270285
34
0.05027337274053553
35
0.1144192067424639
36
0.11577976482610046
41
0.18634084514783814
47
0.18185036680965716
1
2
11
0.17844892359011086
22
0.1923462069777756
2
6
7
0.19375348190792172
8
0.1327795511254911
13
0.09731285336550752
31
0.016424611030704136
33
0.14617772381699723
43
0.0761583285673116
3
3
23
0.05692882643367756
35
0.18902951518473257
47
0.07615933451710989
4
4
0
0.16843873165625703
21
0.058126174731244096
34
0.12259123992353034
40
0.0676935452701012
5
3
22
0.101403859650909
25
0.057552560025174206
30
0.14689336725897098
6
5
10
0.11062982364117871
28
0.15999692308261165
33
0.16214395100020687
43
0.12807666616923716
49
0.17345251000118808
7
6
2
0.19375348190792172
8
0.06520399028582097
13
0.12602380684636827
27
0.15345398936298627
31
0.19427626400002945
46
0.15808860575514977
8
8
2
0.1327795511254911
7
0.06520399028582097
13
0.06239998992498399
27
0.15390666253466811
31
0.13594623517707458
33
0.18365117904116107
43
0.186297987229849
46
0.16742715195326546
9
1
16
0.05364591062028617
10
5
6
0.11062982364117871
15
0.15008350408850532
28
0.10642561759103024
43
0.19596157049276275
49
0.06683300149165576
11
4
1
0.17844892359011086
18
0.15445108971509494
42
0.17257933304188328
45
0.11712329978951944
12
7
19
0.024904901954287278
22
0.1875713348312026
25
0.18038858700945692
26
0.07360976755133557
32
0.07930984032089973
37
0.11596148130177555
39
0.1275573575791024
13
10
2
0.09731285336550752
7
0.12602380684636827
8
0.06239998992498399
27
0.16051967684889237
31
0.10731275736200069
33
0.12234020061359013
37
0.19862226839200217
39
0.1862828087808834
43
0.131443565771786
46
0.18015272122372522
14
3
18
0.19888095941457978
35
0.11095033586957417
47
0.19325302770503822
15
3
10
0.15008350408850532
38
0.16069301853902382
49
0.08937993016375073
16
2
9
0.05364591062028617
38
0.15045799697124682
17
6
24
0.10023221124088039
41
0.16628687807370496
42
0.07874926490274314
44
0.04722106510688716
45
0.14303268618446763
48
0.13955326813391114
18
10
0
0.1576348934289182
11
0.15445108971509494
14
0.19888095941457978
24
0.16848740484906444
35
0.17187587562885875
36
0.13333696499871575
41
0.16335689625454314
42
0.1664836601632151
44
0.16219156481673142
45
0.09648211979072878
19
7
12
0.024904901954287278
22
0.19212954544233468
25
0.1749961718487228
26
0.09846499182649256
32
0.10417351168544813
37
0.13335212216010484
39
0.12849510235633776
20
0
21
6
0
0.17882681351270285
4
0.058126174731244096
23
0.1679277128533813
34
0.14356959726637303
40
0.11664173659426237
47
0.16156649700607972
22
7
1
0.1923462069777756
5
0.101403859650909
12
0.1875713348312026
19
0.19212954544233468
25
0.07440000183189943
26
0.19831738165305346
32
0.19972898621309376
23
3
3
0.05692882643367756
21
0.1679277128533813
47
0.08817279660813265
24
8
17
0.10023221124088039
18
0.16848740484906444
36
0.1268491603015116
41
0.06632898470409038
42
0.1379292103431845
44
0.0841125462326713
45
0.15359647648773755
48
0.07499701911065144
25
4
5
0.057552560025174206
12
0.18038858700945692
19
0.1749961718487228
22
0.07440000183189943
26
7
12
0.07360976755133557
19
0.09846499182649256
22
0.19831738165305346
32
0.0057259065275703696
33
0.18197643103327515
37
0.08341985074961115
39
0.14642820147289246
27
6
7
0.15345398936298627
8
0.15390666253466811
13
0.16051967684889237
37
0.19825045018335485
39
0.11820804743029888
46
0.02351771816901921
28
3
6
0.15999692308261165
10
0.10642561759103024
49
0.14392895455840815
29
1
30
0.18246911069411156
30
2
5
0.14689336725897098
29
0.18246911069411156
31
6
2
0.016424611030704136
7
0.19427626400002945
8
0.13594623517707458
13
0.10731275736200069
33
0.16260228699521032
43
0.08911932231439301
32
7
12
0.07930984032089973
19
0.10417351168544813
22
0.19972898621309376
26
0.0057259065275703696
33
0.18014600803292607
37
0.08368139354367099
39
0.14979160891540097
33
10
2
0.14617772381699723
6
0.16214395100020687
8
0.18365117904116107
13
0.12234020061359013
26
0.18197643103327515
31
0.16260228699521032
32
0.18014600803292607
37
0.10757537971191683
39
0.15382761395615888
43
0.10267181981131447
34
8
0
0.05027337274053553
4
0.12259123992353034
21
0.14356959726637303
35
0.15399892912624813
36
0.12849914726799344
40
0.17086741583577153
41
0.19533934639756864
47
0.1908706268074129
35
6
0
0.1144192067424639
3
0.18902951518473257
14
0.11095033586957417
18
0.17187587562885875
34
0.15399892912624813
47
0.1236578479476439
36
8
0
0.11577976482610046
18
0.13333696499871575
24
0.1268491603015116
34
0.12849914726799344
41
0.07056137090037783
44
0.1860915294267496
45
0.19193224010730306
48
0.1630925611569471
37
8
12
0.11596148130177555
13
0.19862226839200217
19
0.13335212216010484
26
0.08341985074961115
27
0.19825045018335485
32
0.08368139354367099
33
0.10757537971191683
39
0.09081031194828144
38
3
15
0.16069301853902382
16
0.15045799697124682
49
0.1754878704974358
39
9
12
0.1275573575791024
13
0.1862828087808834
19
0.12849510235633776
26
0.14642820147289246
27
0.11820804743029888
32
0.14979160891540097
33
0.15382761395615888
37
0.09081031194828144
46
0.13541688213006947
40
3
4
0.0676935452701012
21
0.11664173659426237
34
0.17086741583577153
41
10
0
0.18634084514783814
17
0.16628687807370496
18
0.16335689625454314
24
0.06632898470409038
34
0.19533934639756864
36
0.07056137090037783
42
0.19300504104001237
44
0.14369771572243964
45
0.18573936313783995
48
0.09300576101145748
42
7
11
0.17257933304188328
17
0.07874926490274314
18
0.1664836601632151
24
0.1379292103431845
41
0.19300504104001237
44
0.0550726014990674
45
0.07805743891804073
43
7
2
0.0761583285673116
6
0.12807666616923716
8
0.186297987229849
10
0.19596157049276275
13
0.131443565771786
31
0.08911932231439301
33
0.10267181981131447
44
8
17
0.04722106510688716
18
0.16219156481673142
24
0.0841125462326713
36
0.1860915294267496
41
0.14369771572243964
42
0.0550726014990674
45
0.09972583200628383
48
0.14575336015534263
45
8
11
0.11712329978951944
17
0.14303268618446763
18
0.09648211979072878
24
0.15359647648773755
36
0.19193224010730306
41
0.18573936313783995
42
0.07805743891804073
44
0.09972583200628383
46
5
7
0.15808860575514977
8
0.16742715195326546
13
0.18015272122372522
27
0.02351771816901921
39
0.13541688213006947
47
7
0
0.18185036680965716
3
0.07615933451710989
14
0.19325302770503822
21
0.16156649700607972
23
0.08817279660813265
34
0.1908706268074129
35
0.1236578479476439
48
5
17
0.13955326813391114
24
0.07499701911065144
36
0.1630925611569471
41
0.09300576101145748
44
0.14575336015534263
49
5
6
0.17345251000118808
10
0.06683300149165576
15
0.08937993016375073
28
0.14392895455840815
38
0.1754878704974358
5
24
21
22
13
10
